# nx, ny = 50, 50
#   x     y     topo
6.383108499999999767e+05 7.771336360000000335e+06 5.475165867066415558e+03
6.383108499999999767e+05 7.772319249473684467e+06 5.475165867066415558e+03
6.383108499999999767e+05 7.773302138947368599e+06 5.528235001522547464e+03
6.383108499999999767e+05 7.774285028421052732e+06 5.528235001522547464e+03
6.383108499999999767e+05 7.775267917894736864e+06 5.528235001522547464e+03
6.383108499999999767e+05 7.776250807368420996e+06 5.565903692830345790e+03
6.383108499999999767e+05 7.777233696842105128e+06 5.565903692830345790e+03
6.383108499999999767e+05 7.778216586315789260e+06 4.485421171491791029e+03
6.383108499999999767e+05 7.779199475789473392e+06 4.485421171491791029e+03
6.383108499999999767e+05 7.780182365263157524e+06 4.325194879974589639e+03
6.383108499999999767e+05 7.781165254736842588e+06 4.325194879974589639e+03
6.383108499999999767e+05 7.782148144210526720e+06 4.277845446847626590e+03
6.383108499999999767e+05 7.783131033684210852e+06 4.783612947937371246e+03
6.383108499999999767e+05 7.784113923157894984e+06 4.783612947937371246e+03
6.383108499999999767e+05 7.785096812631579116e+06 4.783612947937371246e+03
6.383108499999999767e+05 7.786079702105263248e+06 4.783612947937371246e+03
6.383108499999999767e+05 7.787062591578947380e+06 4.202730723129203398e+03
6.383108499999999767e+05 7.788045481052631512e+06 4.202730723129203398e+03
6.383108499999999767e+05 7.789028370526315644e+06 3.837840550517610154e+03
6.383108499999999767e+05 7.790011259999999776e+06 3.930791921711965188e+03
6.390568199999999488e+05 7.771336360000000335e+06 5.475165867066415558e+03
6.390568199999999488e+05 7.772319249473684467e+06 5.475165867066415558e+03
6.390568199999999488e+05 7.773302138947368599e+06 5.475165867066415558e+03
6.390568199999999488e+05 7.774285028421052732e+06 5.528235001522547464e+03
6.390568199999999488e+05 7.775267917894736864e+06 6.458120759997762434e+03
6.390568199999999488e+05 7.776250807368420996e+06 5.565903692830345790e+03
6.390568199999999488e+05 7.777233696842105128e+06 5.565903692830345790e+03
6.390568199999999488e+05 7.778216586315789260e+06 4.485421171491791029e+03
6.390568199999999488e+05 7.779199475789473392e+06 4.325194879974589639e+03
6.390568199999999488e+05 7.780182365263157524e+06 4.325194879974589639e+03
6.390568199999999488e+05 7.781165254736842588e+06 4.277845446847626590e+03
6.390568199999999488e+05 7.782148144210526720e+06 4.277845446847626590e+03
6.390568199999999488e+05 7.783131033684210852e+06 4.783612947937371246e+03
6.390568199999999488e+05 7.784113923157894984e+06 4.783612947937371246e+03
6.390568199999999488e+05 7.785096812631579116e+06 4.783612947937371246e+03
6.390568199999999488e+05 7.786079702105263248e+06 4.783612947937371246e+03
6.390568199999999488e+05 7.787062591578947380e+06 4.202730723129203398e+03
6.390568199999999488e+05 7.788045481052631512e+06 3.837840550517610154e+03
6.390568199999999488e+05 7.789028370526315644e+06 3.930791921711965188e+03
6.390568199999999488e+05 7.790011259999999776e+06 3.930791921711965188e+03
6.398027900000000373e+05 7.771336360000000335e+06 5.489219630322299963e+03
6.398027900000000373e+05 7.772319249473684467e+06 5.475165867066415558e+03
6.398027900000000373e+05 7.773302138947368599e+06 5.475165867066415558e+03
6.398027900000000373e+05 7.774285028421052732e+06 5.772904752327646747e+03
6.398027900000000373e+05 7.775267917894736864e+06 6.458120759997762434e+03
6.398027900000000373e+05 7.776250807368420996e+06 5.565903692830345790e+03
6.398027900000000373e+05 7.777233696842105128e+06 4.485421171491791029e+03
6.398027900000000373e+05 7.778216586315789260e+06 4.485421171491791029e+03
6.398027900000000373e+05 7.779199475789473392e+06 4.325194879974589639e+03
6.398027900000000373e+05 7.780182365263157524e+06 4.277845446847626590e+03
6.398027900000000373e+05 7.781165254736842588e+06 4.277845446847626590e+03
6.398027900000000373e+05 7.782148144210526720e+06 4.130051004191930588e+03
6.398027900000000373e+05 7.783131033684210852e+06 4.783612947937371246e+03
6.398027900000000373e+05 7.784113923157894984e+06 4.783612947937371246e+03
6.398027900000000373e+05 7.785096812631579116e+06 4.783612947937371246e+03
6.398027900000000373e+05 7.786079702105263248e+06 4.202730723129203398e+03
6.398027900000000373e+05 7.787062591578947380e+06 4.202730723129203398e+03
6.398027900000000373e+05 7.788045481052631512e+06 3.837840550517610154e+03
6.398027900000000373e+05 7.789028370526315644e+06 3.930791921711965188e+03
6.398027900000000373e+05 7.790011259999999776e+06 3.930791921711965188e+03
6.405487600000000093e+05 7.771336360000000335e+06 5.489219630322299963e+03
6.405487600000000093e+05 7.772319249473684467e+06 5.489219630322299963e+03
6.405487600000000093e+05 7.773302138947368599e+06 5.375363234096385895e+03
6.405487600000000093e+05 7.774285028421052732e+06 5.967971333287412563e+03
6.405487600000000093e+05 7.775267917894736864e+06 6.215931305738483388e+03
6.405487600000000093e+05 7.776250807368420996e+06 5.458489960685198639e+03
6.405487600000000093e+05 7.777233696842105128e+06 4.485421171491791029e+03
6.405487600000000093e+05 7.778216586315789260e+06 4.325194879974589639e+03
6.405487600000000093e+05 7.779199475789473392e+06 4.325194879974589639e+03
6.405487600000000093e+05 7.780182365263157524e+06 4.277845446847626590e+03
6.405487600000000093e+05 7.781165254736842588e+06 4.130051004191930588e+03
6.405487600000000093e+05 7.782148144210526720e+06 4.130051004191930588e+03
6.405487600000000093e+05 7.783131033684210852e+06 4.783612947937371246e+03
6.405487600000000093e+05 7.784113923157894984e+06 4.783612947937371246e+03
6.405487600000000093e+05 7.785096812631579116e+06 4.783612947937371246e+03
6.405487600000000093e+05 7.786079702105263248e+06 4.202730723129203398e+03
6.405487600000000093e+05 7.787062591578947380e+06 3.837840550517610154e+03
6.405487600000000093e+05 7.788045481052631512e+06 3.837840550517610154e+03
6.405487600000000093e+05 7.789028370526315644e+06 3.930791921711965188e+03
6.405487600000000093e+05 7.790011259999999776e+06 3.930791921711965188e+03
6.412947299999999814e+05 7.771336360000000335e+06 5.489219630322299963e+03
6.412947299999999814e+05 7.772319249473684467e+06 5.489219630322299963e+03
6.412947299999999814e+05 7.773302138947368599e+06 5.807612606317214158e+03
6.412947299999999814e+05 7.774285028421052732e+06 5.580816230123575224e+03
6.412947299999999814e+05 7.775267917894736864e+06 5.953069304787635701e+03
6.412947299999999814e+05 7.776250807368420996e+06 4.895861634447476717e+03
6.412947299999999814e+05 7.777233696842105128e+06 4.368902368705319532e+03
6.412947299999999814e+05 7.778216586315789260e+06 4.325194879974589639e+03
6.412947299999999814e+05 7.779199475789473392e+06 4.277845446847626590e+03
6.412947299999999814e+05 7.780182365263157524e+06 4.277845446847626590e+03
6.412947299999999814e+05 7.781165254736842588e+06 4.130051004191930588e+03
6.412947299999999814e+05 7.782148144210526720e+06 4.783612947937371246e+03
6.412947299999999814e+05 7.783131033684210852e+06 4.783612947937371246e+03
6.412947299999999814e+05 7.784113923157894984e+06 4.783612947937371246e+03
6.412947299999999814e+05 7.785096812631579116e+06 4.202730723129203398e+03
6.412947299999999814e+05 7.786079702105263248e+06 4.202730723129203398e+03
6.412947299999999814e+05 7.787062591578947380e+06 3.837840550517610154e+03
6.412947299999999814e+05 7.788045481052631512e+06 3.930791921711965188e+03
6.412947299999999814e+05 7.789028370526315644e+06 3.930791921711965188e+03
6.412947299999999814e+05 7.790011259999999776e+06 3.930791921711965188e+03
6.420406999999999534e+05 7.771336360000000335e+06 5.346052493814180707e+03
6.420406999999999534e+05 7.772319249473684467e+06 5.346052493814180707e+03
6.420406999999999534e+05 7.773302138947368599e+06 5.040394932683961088e+03
6.420406999999999534e+05 7.774285028421052732e+06 5.459728864164872903e+03
6.420406999999999534e+05 7.775267917894736864e+06 5.636336687917966628e+03
6.420406999999999534e+05 7.776250807368420996e+06 5.669951984937160887e+03
6.420406999999999534e+05 7.777233696842105128e+06 5.142384428790624042e+03
6.420406999999999534e+05 7.778216586315789260e+06 4.241076877747643266e+03
6.420406999999999534e+05 7.779199475789473392e+06 4.277845446847626590e+03
6.420406999999999534e+05 7.780182365263157524e+06 4.130051004191930588e+03
6.420406999999999534e+05 7.781165254736842588e+06 4.130051004191930588e+03
6.420406999999999534e+05 7.782148144210526720e+06 4.783612947937371246e+03
6.420406999999999534e+05 7.783131033684210852e+06 4.783612947937371246e+03
6.420406999999999534e+05 7.784113923157894984e+06 4.202730723129203398e+03
6.420406999999999534e+05 7.785096812631579116e+06 4.202730723129203398e+03
6.420406999999999534e+05 7.786079702105263248e+06 3.837840550517610154e+03
6.420406999999999534e+05 7.787062591578947380e+06 3.837840550517610154e+03
6.420406999999999534e+05 7.788045481052631512e+06 3.930791921711965188e+03
6.420406999999999534e+05 7.789028370526315644e+06 3.930791921711965188e+03
6.420406999999999534e+05 7.790011259999999776e+06 3.930791921711965188e+03
6.427866700000000419e+05 7.771336360000000335e+06 5.036493746683489007e+03
6.427866700000000419e+05 7.772319249473684467e+06 5.036493746683489007e+03
6.427866700000000419e+05 7.773302138947368599e+06 4.729728828819888804e+03
6.427866700000000419e+05 7.774285028421052732e+06 5.450067076666096909e+03
6.427866700000000419e+05 7.775267917894736864e+06 5.273488469725699360e+03
6.427866700000000419e+05 7.776250807368420996e+06 5.294090661275788079e+03
6.427866700000000419e+05 7.777233696842105128e+06 5.465977302479959690e+03
6.427866700000000419e+05 7.778216586315789260e+06 4.551540057529417936e+03
6.427866700000000419e+05 7.779199475789473392e+06 4.201211335953204070e+03
6.427866700000000419e+05 7.780182365263157524e+06 4.130051004191930588e+03
6.427866700000000419e+05 7.781165254736842588e+06 4.546025834136446065e+03
6.427866700000000419e+05 7.782148144210526720e+06 4.783612947937371246e+03
6.427866700000000419e+05 7.783131033684210852e+06 4.783612947937371246e+03
6.427866700000000419e+05 7.784113923157894984e+06 4.202730723129203398e+03
6.427866700000000419e+05 7.785096812631579116e+06 3.837840550517610154e+03
6.427866700000000419e+05 7.786079702105263248e+06 3.837840550517610154e+03
6.427866700000000419e+05 7.787062591578947380e+06 4.163021636922770995e+03
6.427866700000000419e+05 7.788045481052631512e+06 3.930791921711965188e+03
6.427866700000000419e+05 7.789028370526315644e+06 3.930791921711965188e+03
6.427866700000000419e+05 7.790011259999999776e+06 3.930791921711965188e+03
6.435326400000000140e+05 7.771336360000000335e+06 5.036493746683489007e+03
6.435326400000000140e+05 7.772319249473684467e+06 5.036493746683489007e+03
6.435326400000000140e+05 7.773302138947368599e+06 4.335315115881358906e+03
6.435326400000000140e+05 7.774285028421052732e+06 4.661735418944617777e+03
6.435326400000000140e+05 7.775267917894736864e+06 4.131887645029545638e+03
6.435326400000000140e+05 7.776250807368420996e+06 4.986925360245354568e+03
6.435326400000000140e+05 7.777233696842105128e+06 4.978694889398790110e+03
6.435326400000000140e+05 7.778216586315789260e+06 5.020525772387959478e+03
6.435326400000000140e+05 7.779199475789473392e+06 4.185546638705229270e+03
6.435326400000000140e+05 7.780182365263157524e+06 3.933993245823258803e+03
6.435326400000000140e+05 7.781165254736842588e+06 4.546025834136446065e+03
6.435326400000000140e+05 7.782148144210526720e+06 4.783612947937371246e+03
6.435326400000000140e+05 7.783131033684210852e+06 4.202730723129203398e+03
6.435326400000000140e+05 7.784113923157894984e+06 4.202730723129203398e+03
6.435326400000000140e+05 7.785096812631579116e+06 3.837840550517610154e+03
6.435326400000000140e+05 7.786079702105263248e+06 4.163021636922770995e+03
6.435326400000000140e+05 7.787062591578947380e+06 4.163021636922770995e+03
6.435326400000000140e+05 7.788045481052631512e+06 3.930791921711965188e+03
6.435326400000000140e+05 7.789028370526315644e+06 3.930791921711965188e+03
6.435326400000000140e+05 7.790011259999999776e+06 3.930791921711965188e+03
6.442786099999999860e+05 7.771336360000000335e+06 5.036493746683489007e+03
6.442786099999999860e+05 7.772319249473684467e+06 4.335315115881358906e+03
6.442786099999999860e+05 7.773302138947368599e+06 4.335315115881358906e+03
6.442786099999999860e+05 7.774285028421052732e+06 4.033765696025680882e+03
6.442786099999999860e+05 7.775267917894736864e+06 3.537528822223987390e+03
6.442786099999999860e+05 7.776250807368420996e+06 4.471204741714484044e+03
6.442786099999999860e+05 7.777233696842105128e+06 4.409304052514819887e+03
6.442786099999999860e+05 7.778216586315789260e+06 4.570654215025506346e+03
6.442786099999999860e+05 7.779199475789473392e+06 4.370348469383582596e+03
6.442786099999999860e+05 7.780182365263157524e+06 3.772612935769997421e+03
6.442786099999999860e+05 7.781165254736842588e+06 4.291552151709121972e+03
6.442786099999999860e+05 7.782148144210526720e+06 5.034822255703734299e+03
6.442786099999999860e+05 7.783131033684210852e+06 4.202730723129203398e+03
6.442786099999999860e+05 7.784113923157894984e+06 3.837840550517610154e+03
6.442786099999999860e+05 7.785096812631579116e+06 3.837840550517610154e+03
6.442786099999999860e+05 7.786079702105263248e+06 4.163021636922770995e+03
6.442786099999999860e+05 7.787062591578947380e+06 3.930791921711965188e+03
6.442786099999999860e+05 7.788045481052631512e+06 3.930791921711965188e+03
6.442786099999999860e+05 7.789028370526315644e+06 3.930791921711965188e+03
6.442786099999999860e+05 7.790011259999999776e+06 3.818912630810137671e+03
6.450245799999999581e+05 7.771336360000000335e+06 5.036493746683489007e+03
6.450245799999999581e+05 7.772319249473684467e+06 4.335315115881358906e+03
6.450245799999999581e+05 7.773302138947368599e+06 4.033765696025680882e+03
6.450245799999999581e+05 7.774285028421052732e+06 4.033765696025680882e+03
6.450245799999999581e+05 7.775267917894736864e+06 3.537528822223987390e+03
6.450245799999999581e+05 7.776250807368420996e+06 4.195834298248658342e+03
6.450245799999999581e+05 7.777233696842105128e+06 4.000244357123582631e+03
6.450245799999999581e+05 7.778216586315789260e+06 3.795117983271553840e+03
6.450245799999999581e+05 7.779199475789473392e+06 3.944762851367963776e+03
6.450245799999999581e+05 7.780182365263157524e+06 3.871526566630175239e+03
6.450245799999999581e+05 7.781165254736842588e+06 4.220223542203924808e+03
6.450245799999999581e+05 7.782148144210526720e+06 4.801882140259463995e+03
6.450245799999999581e+05 7.783131033684210852e+06 4.807860598379388648e+03
6.450245799999999581e+05 7.784113923157894984e+06 3.837840550517610154e+03
6.450245799999999581e+05 7.785096812631579116e+06 4.163021636922770995e+03
6.450245799999999581e+05 7.786079702105263248e+06 4.163021636922770995e+03
6.450245799999999581e+05 7.787062591578947380e+06 3.930791921711965188e+03
6.450245799999999581e+05 7.788045481052631512e+06 3.930791921711965188e+03
6.450245799999999581e+05 7.789028370526315644e+06 3.818912630810137671e+03
6.450245799999999581e+05 7.790011259999999776e+06 3.818912630810137671e+03
6.457705500000000466e+05 7.771336360000000335e+06 4.335315115881358906e+03
6.457705500000000466e+05 7.772319249473684467e+06 4.335315115881358906e+03
6.457705500000000466e+05 7.773302138947368599e+06 4.033765696025680882e+03
6.457705500000000466e+05 7.774285028421052732e+06 4.033765696025680882e+03
6.457705500000000466e+05 7.775267917894736864e+06 4.195834298248658342e+03
6.457705500000000466e+05 7.776250807368420996e+06 4.195834298248658342e+03
6.457705500000000466e+05 7.777233696842105128e+06 3.627169896373563461e+03
6.457705500000000466e+05 7.778216586315789260e+06 3.837999527763755395e+03
6.457705500000000466e+05 7.779199475789473392e+06 3.683237375531215093e+03
6.457705500000000466e+05 7.780182365263157524e+06 4.393331491053058016e+03
6.457705500000000466e+05 7.781165254736842588e+06 4.294907288592553414e+03
6.457705500000000466e+05 7.782148144210526720e+06 4.696877163721109355e+03
6.457705500000000466e+05 7.783131033684210852e+06 4.242247382048009968e+03
6.457705500000000466e+05 7.784113923157894984e+06 4.055408391799133824e+03
6.457705500000000466e+05 7.785096812631579116e+06 4.163021636922770995e+03
6.457705500000000466e+05 7.786079702105263248e+06 4.626425016038784634e+03
6.457705500000000466e+05 7.787062591578947380e+06 3.930791921711965188e+03
6.457705500000000466e+05 7.788045481052631512e+06 3.930791921711965188e+03
6.457705500000000466e+05 7.789028370526315644e+06 3.818912630810137671e+03
6.457705500000000466e+05 7.790011259999999776e+06 3.607451031557246097e+03
6.465165200000000186e+05 7.771336360000000335e+06 4.335315115881358906e+03
6.465165200000000186e+05 7.772319249473684467e+06 4.033765696025680882e+03
6.465165200000000186e+05 7.773302138947368599e+06 4.033765696025680882e+03
6.465165200000000186e+05 7.774285028421052732e+06 4.033765696025680882e+03
6.465165200000000186e+05 7.775267917894736864e+06 4.195834298248658342e+03
6.465165200000000186e+05 7.776250807368420996e+06 3.627169896373563461e+03
6.465165200000000186e+05 7.777233696842105128e+06 3.627169896373563461e+03
6.465165200000000186e+05 7.778216586315789260e+06 3.184794360156998209e+03
6.465165200000000186e+05 7.779199475789473392e+06 3.720700049625308566e+03
6.465165200000000186e+05 7.780182365263157524e+06 3.688510540809366375e+03
6.465165200000000186e+05 7.781165254736842588e+06 4.406097819385135153e+03
6.465165200000000186e+05 7.782148144210526720e+06 4.966533198612991328e+03
6.465165200000000186e+05 7.783131033684210852e+06 4.901064644893166587e+03
6.465165200000000186e+05 7.784113923157894984e+06 4.481720512955727827e+03
6.465165200000000186e+05 7.785096812631579116e+06 5.050751792883668713e+03
6.465165200000000186e+05 7.786079702105263248e+06 4.626425016038784634e+03
6.465165200000000186e+05 7.787062591578947380e+06 3.930791921711965188e+03
6.465165200000000186e+05 7.788045481052631512e+06 3.818912630810137671e+03
6.465165200000000186e+05 7.789028370526315644e+06 3.818912630810137671e+03
6.465165200000000186e+05 7.790011259999999776e+06 3.607451031557246097e+03
6.472624899999999907e+05 7.771336360000000335e+06 4.033765696025680882e+03
6.472624899999999907e+05 7.772319249473684467e+06 4.033765696025680882e+03
6.472624899999999907e+05 7.773302138947368599e+06 4.033765696025680882e+03
6.472624899999999907e+05 7.774285028421052732e+06 4.195834298248658342e+03
6.472624899999999907e+05 7.775267917894736864e+06 4.195834298248658342e+03
6.472624899999999907e+05 7.776250807368420996e+06 3.627169896373563461e+03
6.472624899999999907e+05 7.777233696842105128e+06 3.184794360156998209e+03
6.472624899999999907e+05 7.778216586315789260e+06 3.184794360156998209e+03
6.472624899999999907e+05 7.779199475789473392e+06 3.343094839689739274e+03
6.472624899999999907e+05 7.780182365263157524e+06 3.792016331264680957e+03
6.472624899999999907e+05 7.781165254736842588e+06 4.130266066657735792e+03
6.472624899999999907e+05 7.782148144210526720e+06 4.146099661805104915e+03
6.472624899999999907e+05 7.783131033684210852e+06 4.572864384965946556e+03
6.472624899999999907e+05 7.784113923157894984e+06 4.895611815788142849e+03
6.472624899999999907e+05 7.785096812631579116e+06 4.846219182245395132e+03
6.472624899999999907e+05 7.786079702105263248e+06 5.022875631844091004e+03
6.472624899999999907e+05 7.787062591578947380e+06 4.795824768469991795e+03
6.472624899999999907e+05 7.788045481052631512e+06 3.818912630810137671e+03
6.472624899999999907e+05 7.789028370526315644e+06 3.607451031557246097e+03
6.472624899999999907e+05 7.790011259999999776e+06 3.607451031557246097e+03
6.480084599999999627e+05 7.771336360000000335e+06 4.033765696025680882e+03
6.480084599999999627e+05 7.772319249473684467e+06 4.033765696025680882e+03
6.480084599999999627e+05 7.773302138947368599e+06 4.033765696025680882e+03
6.480084599999999627e+05 7.774285028421052732e+06 4.195834298248658342e+03
6.480084599999999627e+05 7.775267917894736864e+06 3.627169896373563461e+03
6.480084599999999627e+05 7.776250807368420996e+06 3.627169896373563461e+03
6.480084599999999627e+05 7.777233696842105128e+06 3.184794360156998209e+03
6.480084599999999627e+05 7.778216586315789260e+06 3.343094839689739274e+03
6.480084599999999627e+05 7.779199475789473392e+06 3.343094839689739274e+03
6.480084599999999627e+05 7.780182365263157524e+06 3.395094968421144586e+03
6.480084599999999627e+05 7.781165254736842588e+06 3.561995015534218055e+03
6.480084599999999627e+05 7.782148144210526720e+06 3.638487114216882219e+03
6.480084599999999627e+05 7.783131033684210852e+06 4.333730040630813164e+03
6.480084599999999627e+05 7.784113923157894984e+06 4.425273160339540482e+03
6.480084599999999627e+05 7.785096812631579116e+06 5.169380888439811315e+03
6.480084599999999627e+05 7.786079702105263248e+06 4.588141596405896053e+03
6.480084599999999627e+05 7.787062591578947380e+06 4.765843862347563118e+03
6.480084599999999627e+05 7.788045481052631512e+06 4.040200208483134702e+03
6.480084599999999627e+05 7.789028370526315644e+06 3.607451031557246097e+03
6.480084599999999627e+05 7.790011259999999776e+06 3.607451031557246097e+03
6.487544300000000512e+05 7.771336360000000335e+06 4.033765696025680882e+03
6.487544300000000512e+05 7.772319249473684467e+06 4.033765696025680882e+03
6.487544300000000512e+05 7.773302138947368599e+06 4.033765696025680882e+03
6.487544300000000512e+05 7.774285028421052732e+06 3.627169896373563461e+03
6.487544300000000512e+05 7.775267917894736864e+06 3.627169896373563461e+03
6.487544300000000512e+05 7.776250807368420996e+06 3.184794360156998209e+03
6.487544300000000512e+05 7.777233696842105128e+06 3.184794360156998209e+03
6.487544300000000512e+05 7.778216586315789260e+06 3.343094839689739274e+03
6.487544300000000512e+05 7.779199475789473392e+06 3.395094968421144586e+03
6.487544300000000512e+05 7.780182365263157524e+06 3.395094968421144586e+03
6.487544300000000512e+05 7.781165254736842588e+06 3.561995015534218055e+03
6.487544300000000512e+05 7.782148144210526720e+06 3.371994460346690175e+03
6.487544300000000512e+05 7.783131033684210852e+06 3.563322975669424522e+03
6.487544300000000512e+05 7.784113923157894984e+06 4.484030285138725958e+03
6.487544300000000512e+05 7.785096812631579116e+06 4.805796287034736451e+03
6.487544300000000512e+05 7.786079702105263248e+06 4.676455991490183806e+03
6.487544300000000512e+05 7.787062591578947380e+06 4.590227987890318218e+03
6.487544300000000512e+05 7.788045481052631512e+06 4.153170042320086395e+03
6.487544300000000512e+05 7.789028370526315644e+06 3.630736088062536965e+03
6.487544300000000512e+05 7.790011259999999776e+06 3.630736088062536965e+03
6.495004000000000233e+05 7.771336360000000335e+06 4.033765696025680882e+03
6.495004000000000233e+05 7.772319249473684467e+06 4.033765696025680882e+03
6.495004000000000233e+05 7.773302138947368599e+06 4.033765696025680882e+03
6.495004000000000233e+05 7.774285028421052732e+06 3.627169896373563461e+03
6.495004000000000233e+05 7.775267917894736864e+06 3.184794360156998209e+03
6.495004000000000233e+05 7.776250807368420996e+06 3.184794360156998209e+03
6.495004000000000233e+05 7.777233696842105128e+06 3.343094839689739274e+03
6.495004000000000233e+05 7.778216586315789260e+06 3.343094839689739274e+03
6.495004000000000233e+05 7.779199475789473392e+06 3.395094968421144586e+03
6.495004000000000233e+05 7.780182365263157524e+06 3.395094968421144586e+03
6.495004000000000233e+05 7.781165254736842588e+06 3.371994460346690175e+03
6.495004000000000233e+05 7.782148144210526720e+06 3.371994460346690175e+03
6.495004000000000233e+05 7.783131033684210852e+06 3.399784530588015059e+03
6.495004000000000233e+05 7.784113923157894984e+06 4.049962353414730387e+03
6.495004000000000233e+05 7.785096812631579116e+06 3.721154458444900229e+03
6.495004000000000233e+05 7.786079702105263248e+06 4.520632878134083512e+03
6.495004000000000233e+05 7.787062591578947380e+06 4.772585412752678167e+03
6.495004000000000233e+05 7.788045481052631512e+06 4.547467699081132196e+03
6.495004000000000233e+05 7.789028370526315644e+06 3.901386758262969124e+03
6.495004000000000233e+05 7.790011259999999776e+06 3.901386758262969124e+03
6.502463699999999953e+05 7.771336360000000335e+06 4.033765696025680882e+03
6.502463699999999953e+05 7.772319249473684467e+06 4.033765696025680882e+03
6.502463699999999953e+05 7.773302138947368599e+06 3.627169896373563461e+03
6.502463699999999953e+05 7.774285028421052732e+06 3.627169896373563461e+03
6.502463699999999953e+05 7.775267917894736864e+06 3.184794360156998209e+03
6.502463699999999953e+05 7.776250807368420996e+06 3.343094839689739274e+03
6.502463699999999953e+05 7.777233696842105128e+06 3.343094839689739274e+03
6.502463699999999953e+05 7.778216586315789260e+06 3.395094968421144586e+03
6.502463699999999953e+05 7.779199475789473392e+06 3.395094968421144586e+03
6.502463699999999953e+05 7.780182365263157524e+06 3.395094968421144586e+03
6.502463699999999953e+05 7.781165254736842588e+06 3.371994460346690175e+03
6.502463699999999953e+05 7.782148144210526720e+06 3.399784530588015059e+03
6.502463699999999953e+05 7.783131033684210852e+06 3.399784530588015059e+03
6.502463699999999953e+05 7.784113923157894984e+06 3.378552978521225668e+03
6.502463699999999953e+05 7.785096812631579116e+06 3.793095189708916678e+03
6.502463699999999953e+05 7.786079702105263248e+06 3.747095990354625883e+03
6.502463699999999953e+05 7.787062591578947380e+06 4.449975945401288300e+03
6.502463699999999953e+05 7.788045481052631512e+06 5.054605052260658340e+03
6.502463699999999953e+05 7.789028370526315644e+06 3.901386758262969124e+03
6.502463699999999953e+05 7.790011259999999776e+06 3.901386758262969124e+03
6.509923399999999674e+05 7.771336360000000335e+06 4.033765696025680882e+03
6.509923399999999674e+05 7.772319249473684467e+06 4.033765696025680882e+03
6.509923399999999674e+05 7.773302138947368599e+06 3.627169896373563461e+03
6.509923399999999674e+05 7.774285028421052732e+06 3.184794360156998209e+03
6.509923399999999674e+05 7.775267917894736864e+06 3.184794360156998209e+03
6.509923399999999674e+05 7.776250807368420996e+06 3.343094839689739274e+03
6.509923399999999674e+05 7.777233696842105128e+06 3.395094968421144586e+03
6.509923399999999674e+05 7.778216586315789260e+06 3.395094968421144586e+03
6.509923399999999674e+05 7.779199475789473392e+06 3.395094968421144586e+03
6.509923399999999674e+05 7.780182365263157524e+06 3.371994460346690175e+03
6.509923399999999674e+05 7.781165254736842588e+06 3.371994460346690175e+03
6.509923399999999674e+05 7.782148144210526720e+06 3.399784530588015059e+03
6.509923399999999674e+05 7.783131033684210852e+06 3.378552978521225668e+03
6.509923399999999674e+05 7.784113923157894984e+06 3.378552978521225668e+03
6.509923399999999674e+05 7.785096812631579116e+06 3.698527392443157623e+03
6.509923399999999674e+05 7.786079702105263248e+06 4.114130685086205631e+03
6.509923399999999674e+05 7.787062591578947380e+06 4.396642060767754629e+03
6.509923399999999674e+05 7.788045481052631512e+06 4.808532159163933102e+03
6.509923399999999674e+05 7.789028370526315644e+06 4.808532159163933102e+03
6.509923399999999674e+05 7.790011259999999776e+06 3.901386758262969124e+03
6.517383100000000559e+05 7.771336360000000335e+06 4.033765696025680882e+03
6.517383100000000559e+05 7.772319249473684467e+06 4.033765696025680882e+03
6.517383100000000559e+05 7.773302138947368599e+06 3.627169896373563461e+03
6.517383100000000559e+05 7.774285028421052732e+06 3.184794360156998209e+03
6.517383100000000559e+05 7.775267917894736864e+06 3.343094839689739274e+03
6.517383100000000559e+05 7.776250807368420996e+06 3.343094839689739274e+03
6.517383100000000559e+05 7.777233696842105128e+06 3.395094968421144586e+03
6.517383100000000559e+05 7.778216586315789260e+06 3.395094968421144586e+03
6.517383100000000559e+05 7.779199475789473392e+06 3.395094968421144586e+03
6.517383100000000559e+05 7.780182365263157524e+06 3.371994460346690175e+03
6.517383100000000559e+05 7.781165254736842588e+06 3.399784530588015059e+03
6.517383100000000559e+05 7.782148144210526720e+06 3.399784530588015059e+03
6.517383100000000559e+05 7.783131033684210852e+06 3.378552978521225668e+03
6.517383100000000559e+05 7.784113923157894984e+06 3.698527392443157623e+03
6.517383100000000559e+05 7.785096812631579116e+06 3.698527392443157623e+03
6.517383100000000559e+05 7.786079702105263248e+06 4.114130685086205631e+03
6.517383100000000559e+05 7.787062591578947380e+06 4.561930022836324497e+03
6.517383100000000559e+05 7.788045481052631512e+06 4.808532159163933102e+03
6.517383100000000559e+05 7.789028370526315644e+06 4.808532159163933102e+03
6.517383100000000559e+05 7.790011259999999776e+06 4.808532159163933102e+03
6.524842800000000279e+05 7.771336360000000335e+06 4.033765696025680882e+03
6.524842800000000279e+05 7.772319249473684467e+06 3.627169896373563461e+03
6.524842800000000279e+05 7.773302138947368599e+06 3.184794360156998209e+03
6.524842800000000279e+05 7.774285028421052732e+06 3.184794360156998209e+03
6.524842800000000279e+05 7.775267917894736864e+06 3.343094839689739274e+03
6.524842800000000279e+05 7.776250807368420996e+06 3.395094968421144586e+03
6.524842800000000279e+05 7.777233696842105128e+06 3.395094968421144586e+03
6.524842800000000279e+05 7.778216586315789260e+06 3.395094968421144586e+03
6.524842800000000279e+05 7.779199475789473392e+06 3.395094968421144586e+03
6.524842800000000279e+05 7.780182365263157524e+06 3.399784530588015059e+03
6.524842800000000279e+05 7.781165254736842588e+06 3.399784530588015059e+03
6.524842800000000279e+05 7.782148144210526720e+06 3.378552978521225668e+03
6.524842800000000279e+05 7.783131033684210852e+06 3.378552978521225668e+03
6.524842800000000279e+05 7.784113923157894984e+06 3.698527392443157623e+03
6.524842800000000279e+05 7.785096812631579116e+06 3.698527392443157623e+03
6.524842800000000279e+05 7.786079702105263248e+06 4.561930022836324497e+03
6.524842800000000279e+05 7.787062591578947380e+06 4.561930022836324497e+03
6.524842800000000279e+05 7.788045481052631512e+06 4.561930022836324497e+03
6.524842800000000279e+05 7.789028370526315644e+06 4.808532159163933102e+03
6.524842800000000279e+05 7.790011259999999776e+06 4.808532159163933102e+03
