0.0 4017.1
21.5 3805.7
34.3 3721.6
43.1 3722.6
53.9 3809.2
70.7 3939.2
84.4 4154.3
98.2 4412.2
112.0 4328.2
124.7 3902.2
132.5 3475.7
140.4 3091.9
152.1 2665.8
161.9 2367.7
171.7 2368.8
175.7 2753.8
184.6 3096.6
192.5 3183.0
199.3 2927.3
204.2 2543.2
213.0 2202.2
222.8 1904.1
234.6 1606.3
243.4 1607.2
254.2 1565.6
261.1 1267.2
266.9 1011.4
271.8 627.3
281.6 457.4
294.4 373.3
305.2 374.5
327.8 291.4
354.3 251.5
382.8 297.3
407.4 299.9
446.7 261.4
519.4 311.9
575.5 317.9
643.3 325.1
708.1 332.1
775.0 424.7
832.0 345.3
894.9 352.0
1000.0 350.0
