0.0 -5650.6
5.0 -5662.9
10.0 -5638.6
15.0 -5626.4
20.0 -5641.9
25.0 -5618.3
30.0 -5576.3
35.0 -5559.2
40.0 -5577.4
45.0 -5562.7
50.0 -5538.4
55.0 -5549.1
60.0 -5562.4
65.0 -5563.0
70.0 -5551.1
75.0 -5516.2
80.0 -5520.8
85.0 -5563.9
90.0 -5569.4
95.0 -5544.8
100.0 -5504.7
105.0 -5432.2
110.0 -5397.9
115.0 -5452.9
120.0 -5427.8
125.0 -5376.0
130.0 -5321.8
135.0 -5376.2
140.0 -5273.0
145.0 -5252.6
150.0 -5227.1
155.0 -5217.5
160.0 -5207.2
165.0 -5180.2
170.0 -5150.0
175.0 -5120.8
180.0 -5091.1
185.0 -5057.8
190.0 -5044.5
195.0 -5042.7
200.0 -4980.1
205.0 -4912.6
210.0 -4909.3
215.0 -4904.1
220.0 -4908.2
225.0 -4933.8
230.0 -4936.3
235.0 -4910.8
240.0 -4888.5
245.0 -4871.5
250.0 -4854.4
255.0 -4848.5
260.0 -4832.1
265.0 -4767.2
270.0 -4729.2
275.0 -4771.3
280.0 -4771.9
285.0 -4750.5
290.0 -4707.0
295.0 -4664.6
300.0 -4632.7
305.0 -4594.3
310.0 -4568.9
315.0 -4542.0
320.0 -4512.6
325.0 -4469.1
330.0 -4410.0
335.0 -4401.9
340.0 -4402.2
345.0 -4411.6
350.0 -4301.7
355.0 -4016.3
360.0 -3839.9
365.0 -4046.0
370.0 -4336.1
375.0 -4392.3
380.0 -4370.6
385.0 -4316.7
390.0 -4282.0
395.0 -4275.5
400.0 -4340.0
405.0 -4372.6
410.0 -4358.5
415.0 -4359.6
420.0 -4374.4
425.0 -4382.9
430.0 -4370.0
435.0 -4368.7
440.0 -4407.9
445.0 -4420.4
450.0 -4429.1
455.0 -4441.8
460.0 -4443.5
465.0 -4433.8
470.0 -4472.9
475.0 -4519.7
480.0 -4551.0
485.0 -4572.7
490.0 -4590.4
495.0 -4532.7
500.0 -4363.0
505.0 -4117.5
510.0 -3904.5
515.0 -3932.4
520.0 -3869.0
525.0 -3561.1
530.0 -3295.5
535.0 -2909.0
540.0 -2666.8
545.0 -1965.6
550.0 -1029.3
555.0 -709.1
560.0 -490.1
565.0 -350.5
570.0 -183.4
575.0 -15.6
580.0 25.9
585.0 173.1
590.0 398.7
595.0 361.2
600.0 165.6
605.0 -9.8
610.0 -379.2
615.0 -756.7
620.0 -1286.5
625.0 -1882.8
630.0 -2150.1
635.0 -2371.9
640.0 -2735.6
645.0 -3301.5
650.0 -4071.6
655.0 -4425.0
660.0 -4540.7
665.0 -4603.0
670.0 -4645.0
675.0 -4728.9
680.0 -4782.4
685.0 -4766.1
690.0 -4750.6
695.0 -4751.0
700.0 -4755.6
705.0 -4767.1
710.0 -4772.8
715.0 -4772.1
720.0 -4758.9
725.0 -4728.3
730.0 -4700.1
735.0 -4665.3
740.0 -4603.7
745.0 -4578.2
750.0 -4553.2
755.0 -4521.1
760.0 -4493.8
765.0 -4465.5
770.0 -4436.9
775.0 -4410.6
780.0 -4386.1
785.0 -4365.7
790.0 -4347.2
795.0 -4330.3
800.0 -4318.4
805.0 -4310.2
810.0 -4300.1
815.0 -4235.8
820.0 -4201.0
825.0 -4281.0
830.0 -4237.0
835.0 -4199.7
840.0 -4281.7
845.0 -4281.3
850.0 -4284.7
855.0 -4292.4
860.0 -4301.9
865.0 -4297.8
870.0 -4296.8
875.0 -4266.9
880.0 -4276.4
885.0 -4342.6
890.0 -4338.5
895.0 -4300.9
900.0 -4272.4
905.0 -4146.6
910.0 -4209.9
915.0 -4357.6
920.0 -4373.7
925.0 -4362.3
930.0 -4333.1
935.0 -4335.3
940.0 -4381.6
945.0 -4427.2
950.0 -4476.6
955.0 -4494.7
960.0 -4517.6
965.0 -4523.5
970.0 -4503.7
975.0 -4473.0
980.0 -4354.9
985.0 -4340.2
990.0 -4587.8
995.0 -4740.4
1000.0 -4746.1
1005.0 -4705.6
1010.0 -4717.7
1015.0 -4763.1
1020.0 -4787.1
1025.0 -4802.5
1030.0 -4802.8
1035.0 -4776.1
1040.0 -4824.9
1045.0 -4834.0
1050.0 -4799.9
1055.0 -4814.4
1060.0 -4807.3
1065.0 -4833.7
1070.0 -4847.1
1075.0 -4837.8
1080.0 -4858.9
1085.0 -4924.5
1090.0 -4945.0
1095.0 -4904.4
1100.0 -4865.9
1105.0 -4874.7
1110.0 -4903.8
1115.0 -4954.5
1120.0 -5047.7
1125.0 -5131.1
1130.0 -5155.0
1135.0 -5166.6
1140.0 -5194.9
1145.0 -5190.2
1150.0 -5129.3
1155.0 -5079.3
1160.0 -5096.3
1165.0 -5179.6
1170.0 -5287.0
1175.0 -5358.5
1180.0 -5368.0
1185.0 -5351.4
1190.0 -5354.4
1195.0 -5391.2
1200.0 -5474.7
